[seamless.jpg]
moddate=91b0794f92d3d301
width=616
height=256
text=2;138;17;Seamless &#010;Compute;Arial;0.380083,0.190598,0.156749,0.000000;v1,4278190080,4278190080,128.000000,1.000000,0.000000,1.000000,400,0,49152;;171;50;Powering the next generation&#010;of personal computing;Arial;0.390431,0.524257,0.096284,0.000000;v1,4278190080,4278190080,128.000000,1.000000,0.000000,1.000000,400,0,49152;;
textactive=1
[seamless.1.jpg]
moddate=ef1bf597efd4d301
width=416
height=256
text=2;137;16;Seamless&#010;Compute;Arial;0.460547,0.109529,0.176340,0.000000;v1,4278190080,4278190080,128.000000,1.000000,0.000000,1.000000,400,0,49152;;171;50;powering the&#010;next generation&#010;of&#010;personal computing;Arial;0.475288,0.495438,0.085123,0.000000;v1,4278190080,4278190080,128.000000,1.000000,0.000000,1.000000,400,0,49152;;
textactive=1
[seamless.2.jpg]
moddate=7f8a67a5f1d4d301
width=616
height=256
text=2;137;16;Seamless&#010;Compute;Arial;0.391739,0.069032,0.203691,0.000000;v1,4278190080,4278190080,128.000000,1.000000,0.000000,1.000000,400,0,49152;;171;50;powering the next&#010;generation of&#010;personal computing;Arial;0.399203,0.504139,0.102008,0.000000;v1,4278190080,4278190080,128.000000,1.000000,0.000000,1.000000,400,0,49152;;
textactive=1
